-1.987200000
-1.591600000
-1.633650000
-1.677900000
-1.684050000
-1.770850000
-1.799750000
-1.869350000
-1.926600000
-1.944800000
-2.031400000
-2.064500000
-2.161400000
-2.178450000
-2.252850000
-2.324050000
-2.392550000
-2.440100000
-2.513850000
-2.556000000
-2.605200000
-2.681750000
-2.731950000
-2.764800000
-2.810050000
-2.834700000
-2.872250000
-2.889900000
-2.917750000
-2.946500000
-2.959100000
-2.967700000
-2.981600000
-2.988500000
-2.993150000
-2.997700000
-2.994150000
-2.997800000
-2.999250000
-2.999700000
-3.000000000
-3.000000000
-3.000000000
-3.000000000
-3.000000000
-3.000000000
