40.925200000
30.368000000
31.406600000
32.764800000
32.845000000
35.077000000
35.911400000
37.735800000
39.316400000
39.729200000
42.312400000
43.153600000
45.877600000
46.348200000
48.577400000
50.709800000
52.725000000
54.134800000
56.452600000
57.670000000
59.279200000
61.612200000
63.226600000
64.256000000
65.645000000
66.497200000
67.717000000
68.323600000
69.221800000
70.179600000
70.586800000
70.895200000
71.360000000
71.592400000
71.755000000
71.918000000
71.801800000
71.922400000
71.973000000
71.989200000
72.000000000
72.000000000
72.000000000
72.000000000
72.000000000
72.000000000
