0.019300000
0.018250000
-0.017700000
-0.002800000
0.031750000
0.044950000
0.040625000
0.037625000
-0.091625000
-0.013350000
0.013975000
-0.008050000
-0.012725000
0.037050000
-0.068725000
0.058925000
-0.075725000
-0.001425000
-0.082825000
0.068350000
0.143875000
0.105800000
-0.036475000
0.016650000
-0.138100000
0.110525000
0.006250000
0.174325000
-0.006325000
0.154775000
-0.047525000
0.730125000
0.501825000
0.610350000
-0.414600000
0.999075000
0.999375000
0.999550000
0.999875000
0.999975000
1.000000000
1.000000000
1.000000000
1.000000000
1.000000000
1.000000000
