0.632250000
0.647450000
0.652300000
0.667900000
0.678500000
0.685600000
0.700225000
0.708625000
0.724575000
0.744600000
0.766575000
0.789150000
0.787525000
0.799950000
0.817275000
0.840475000
0.848625000
0.861625000
0.885125000
0.907800000
0.912525000
0.920650000
0.939025000
0.950500000
0.952050000
0.967375000
0.970500000
0.979775000
0.985175000
0.989675000
0.992925000
0.992275000
0.996625000
0.997150000
0.997750000
0.999075000
0.999375000
0.999550000
0.999875000
0.999975000
1.000000000
1.000000000
1.000000000
1.000000000
1.000000000
1.000000000
