5.246300000
4.190200000
4.309450000
4.445400000
4.449450000
4.670850000
4.760250000
4.938550000
5.085500000
5.130500000
5.375100000
5.449600000
5.728800000
5.773250000
5.971150000
6.162850000
6.349050000
6.486900000
6.687550000
6.802500000
6.929000000
7.140650000
7.283250000
7.372800000
7.498850000
7.559700000
7.663250000
7.704500000
7.785050000
7.862100000
7.896300000
7.915400000
7.953600000
7.971900000
7.983750000
7.994500000
7.982450000
7.994600000
7.998250000
7.999300000
8.000000000
8.000000000
8.000000000
8.000000000
8.000000000
8.000000000
